15 25 1 1
_ 1 0 8
_ 2 0 8
_ 3 0 8
_ 4 0 8
_ 5 0 8
_ 6 0 8
_ 7 0 8
_ 8 0 8
_ 9 0 8
_ 10 0 8
_ 11 0 8
_ 12 0 8
_ 13 0 8
_ 14 0 8
_ 15 0 8
_ 16 0 8
_ 17 0 8
_ 18 0 8
_ 19 0 8
_ 20 0 8
_ 21 0 8
_ 22 0 8
_ 23 0 8
_ 24 0 8
_ 25 0 8
_ 1 3 8
_ 2 3 8
_ 3 3 8
_ 4 3 8
_ 5 3 8
_ 6 3 8
_ 7 3 8
_ 8 3 8
_ 9 3 8
_ 10 3 8
_ 11 3 8
_ 12 3 8
_ 13 3 8
_ 14 3 8
_ 15 3 8
_ 16 3 8
_ 17 3 8
_ 18 3 8
_ 19 3 8
_ 20 3 8
_ 21 3 8
_ 22 3 8
_ 23 3 8
_ 24 3 8
_ 25 3 8
_ 1 6 8
_ 2 6 8
_ 3 6 8
_ 4 6 8
_ 5 6 8
_ 6 6 8
_ 7 6 8
_ 8 6 8
_ 9 6 8
_ 10 6 8
_ 11 6 8
_ 12 6 8
_ 13 6 8
_ 14 6 8
_ 15 6 8
_ 16 6 8
_ 17 6 8
_ 18 6 8
_ 19 6 8
_ 20 6 8
_ 21 6 8
_ 22 6 8
_ 23 6 8
_ 24 6 8
_ 25 6 8
_ 1 9 8
_ 2 9 8
_ 3 9 8
_ 4 9 8
_ 5 9 8
_ 6 9 8
_ 7 9 8
_ 8 9 8
_ 9 9 8
_ 10 9 8
_ 11 9 8
_ 12 9 8
_ 13 9 8
_ 14 9 8
_ 15 9 8
_ 16 9 8
_ 17 9 8
_ 18 9 8
_ 19 9 8
_ 20 9 8
_ 21 9 8
_ 22 9 8
_ 23 9 8
_ 24 9 8
_ 25 9 8
_ 1 12 8
_ 2 12 8
_ 3 12 8
_ 4 12 8
_ 5 12 8
_ 6 12 8
_ 7 12 8
_ 8 12 8
_ 9 12 8
_ 10 12 8
_ 11 12 8
_ 12 12 8
_ 13 12 8
_ 14 12 8
_ 15 12 8
_ 16 12 8
_ 17 12 8
_ 18 12 8
_ 19 12 8
_ 20 12 8
_ 21 12 8
_ 22 12 8
_ 23 12 8
_ 24 12 8
_ 25 12 8
_ 1 15 8
_ 2 15 8
_ 3 15 8
_ 4 15 8
_ 5 15 8
_ 6 15 8
_ 7 15 8
_ 8 15 8
_ 9 15 8
_ 10 15 8
_ 11 15 8
_ 12 15 8
_ 13 15 8
_ 14 15 8
_ 15 15 8
_ 16 15 8
_ 17 15 8
_ 18 15 8
_ 19 15 8
_ 20 15 8
_ 21 15 8
_ 22 15 8
_ 23 15 8
_ 24 15 8
_ 25 15 8
| 0 1 8
| 0 2 8
| 0 3 8
| 0 4 8
| 0 5 8
| 0 6 8
| 0 7 8
| 0 8 8
| 0 9 8
| 0 10 8
| 0 11 8
| 0 12 8
| 0 13 8
| 0 14 8
| 0 15 8
| 5 1 8
| 5 2 8
| 5 3 8
| 5 4 8
| 5 5 8
| 5 6 8
| 5 7 8
| 5 8 8
| 5 9 8
| 5 10 8
| 5 11 8
| 5 12 8
| 5 13 8
| 5 14 8
| 5 15 8
| 10 1 8
| 10 2 8
| 10 3 8
| 10 4 8
| 10 5 8
| 10 6 8
| 10 7 8
| 10 8 8
| 10 9 8
| 10 10 8
| 10 11 8
| 10 12 8
| 10 13 8
| 10 14 8
| 10 15 8
| 15 1 8
| 15 2 8
| 15 3 8
| 15 4 8
| 15 5 8
| 15 6 8
| 15 7 8
| 15 8 8
| 15 9 8
| 15 10 8
| 15 11 8
| 15 12 8
| 15 13 8
| 15 14 8
| 15 15 8
| 20 1 8
| 20 2 8
| 20 3 8
| 20 4 8
| 20 5 8
| 20 6 8
| 20 7 8
| 20 8 8
| 20 9 8
| 20 10 8
| 20 11 8
| 20 12 8
| 20 13 8
| 20 14 8
| 20 15 8
| 25 1 8
| 25 2 8
| 25 3 8
| 25 4 8
| 25 5 8
| 25 6 8
| 25 7 8
| 25 8 8
| 25 9 8
| 25 10 8
| 25 11 8
| 25 12 8
| 25 13 8
| 25 14 8
| 25 15 8
X 2 2 11
O 7 2 11
X 7 5 11
X 12 2 11
O 12 5 11
X 7 8 11
